function [ I ] = get3D_9_by_9StoredData(  )
%GET3D_9_BY_9STOREDDATA gives out random data of size 9 by 9 by 9

I = zeros(9,9,9);
I(:,:,1) = [
    0.8147  ,  0.9649  ,  0.7922  ,  0.3922  ,  0.6948  ,  0.4898  ,  0.1190  , 0.6991  ,  0.8143;
    0.9058  ,  0.1576  ,  0.9595  ,  0.6555  ,  0.3171  ,  0.4456  ,  0.4984  ,  0.8909  ,  0.2435;
    0.1270  ,  0.9706  ,  0.6557  ,  0.1712  ,  0.9502  ,  0.6463  ,  0.9597  ,  0.9593  ,  0.9293;
    0.9134  ,  0.9572  ,  0.0357  ,  0.7060  ,  0.0344  ,  0.7094  ,  0.3404  ,  0.5472  ,  0.3500;
    0.6324  ,  0.4854  ,  0.8491  ,  0.0318  ,  0.4387  ,  0.7547  ,  0.5853  ,  0.1386  ,  0.1966;
    0.0975  ,  0.8003  , 0.9340  ,  0.2769   ,  0.3816  ,  0.2760  ,  0.2238  ,  0.1493  ,  0.2511;
    0.2785  ,  0.1419  , 0.6787  ,  0.0462   ,  0.7655  ,  0.6797  ,  0.7513  ,  0.2575  ,  0.6160;
    0.5469  ,  0.4218  , 0.7577  ,  0.0971   ,  0.7952  ,  0.6551  ,  0.2551  ,  0.8407  ,  0.473;
    0.9575  ,  0.9157  , 0.7431  ,  0.8235   ,  0.1869  ,  0.1626  ,  0.5060  ,  0.2543  ,  0.3517;
];

I(:,:,2) =[

    0.8308 ,   0.0759  ,  0.3371  ,  0.6892  ,  0.9961  ,  0.0844  ,  0.1361  ,  0.4018  ,  0.9448;
    0.5853 ,   0.0540  ,  0.1622  ,  0.7482  ,  0.0782  ,  0.3998  ,  0.8693  ,  0.0760  ,  0.4909;
    0.5497 ,   0.5308  ,  0.7943  ,  0.4505  ,  0.4427  ,  0.2599  ,  0.5797  ,  0.2399  ,  0.4893;
    0.9172 ,   0.7792  ,  0.3112  ,  0.0838  ,  0.1067  ,  0.8001  ,  0.5499  ,  0.1233  ,  0.3377;
    0.2858 ,   0.9340  , 0.5285  ,  0.2290  ,  0.9619  , 0.4314  ,  0.1450  ,  0.1839  ,  0.9001;
    0.7572 ,   0.1299 ,   0.1656  ,  0.9133  , 0.0046  ,  0.9106  ,  0.8530  ,  0.2400  , 0.3692;
    0.7537 ,   0.5688  ,  0.6020  ,  0.1524  ,  0.7749  ,  0.1818  ,  0.6221  , 0.4173  , 0.1112;
    0.3804 ,   0.4694  ,  0.2630  ,  0.8258  ,  0.8173  ,  0.2638  ,  0.3510  ,  0.0497  , 0.7803;
    0.5678 ,   0.0119  ,  0.6541  ,  0.5383  ,  0.8687  ,  0.1455  ,  0.5132  ,  0.9027  ,  0.3897;
];


I(:,:,3) = [

      0.2417  ,  0.3532    0.5470  ,   0.0811  ,   0.8176  ,   0.5502  ,   0.2259  ,   0.9797  ,   0.2217;
     0.4039  ,   0.8212  ,   0.2963  ,   0.9294  ,   0.7948  ,   0.6225  ,   0.1707  ,   0.4389  ,   0.1174;
     0.0965  ,   0.0154  ,   0.7447  ,   0.7757  ,   0.6443  ,   0.5870  ,   0.2277  ,   0.1111  ,   0.2967;
     0.1320  ,   0.0430  ,   0.1890  ,   0.4868  ,   0.3786  ,   0.2077  ,   0.4357  ,   0.2581  ,   0.3188;
     0.9421  ,   0.1690  ,   0.6868  ,   0.4359  ,   0.8116  ,   0.3012  ,   0.3111  ,   0.4087  ,   0.4242;
     0.9561  ,   0.6491  ,   0.1835  ,   0.4468  ,   0.5328  ,   0.4709  ,   0.9234  ,   0.5949  ,   0.5079;
     0.5752  ,   0.7317  ,   0.3685  ,   0.3063  ,   0.3507  ,   0.2305  ,   0.4302  ,   0.2622  ,   0.0855;
     0.0598  ,   0.6477  ,   0.6256  ,   0.5085  ,   0.9390  ,   0.8443  ,   0.1848  ,   0.6028  ,   0.2625;
     0.2348  ,   0.4509  ,   0.7802  ,   0.5108  ,   0.8759  ,   0.1948  ,   0.9049  ,   0.7112  ,   0.8010;
];

I(:,:,4) = [

     0.0292  ,   0.5211  ,   0.8852  ,   0.1068  ,   0.1978  ,   0.8055  ,   0.7127  ,   0.8181  ,   0.4538;
     0.9289  ,   0.2316  ,   0.9133  ,   0.6538  ,   0.0305  ,   0.5767  ,   0.5005  ,   0.8175  ,   0.4324;
     0.7303  ,   0.4889  ,   0.7962  ,   0.4942  ,   0.7441  ,   0.1829  ,   0.4711  ,   0.7224  ,   0.8253;
     0.4886  ,   0.6241  ,   0.0987  ,   0.7791  ,   0.5000  ,   0.2399  ,   0.0596  ,   0.1499  ,   0.0835;
     0.5785  ,   0.6791  ,   0.2619  ,   0.7150  ,   0.4799  ,   0.8865  ,   0.6820  ,   0.6596  ,   0.1332;
     0.2373  ,   0.3955  ,   0.3354  ,   0.9037  ,   0.9047  ,   0.0287  ,   0.0424  ,   0.5186  ,   0.1734;
     0.4588  ,   0.3674  ,   0.6797  ,   0.8909  ,   0.6099  ,   0.4899  ,   0.0714  ,   0.9730  ,   0.3909;
     0.9631  ,   0.9880  ,   0.1366  ,   0.3342  ,   0.6177  ,   0.1679  ,   0.5216  ,   0.6490  ,   0.8314;
     0.5468  ,   0.0377  ,   0.7212  ,   0.6987  ,   0.8594  ,   0.9787  ,   0.0967  ,   0.8003  ,   0.8034;
];

I(:,:,5) = [

     0.0605  ,   0.9841  ,   0.0527  ,   0.7011  ,   0.0326  ,   0.8555  ,   0.3846  ,   0.3439  ,   0.4253;
     0.3993  ,   0.1672  ,   0.7379  ,   0.6663  ,   0.5612  ,   0.6448  ,   0.5830  ,   0.5841  ,   0.3127;
     0.5269  ,   0.1062  ,   0.2691  ,   0.5391  ,   0.8819  ,   0.3763  ,   0.2518  ,   0.1078  ,   0.1615;
     0.4168  ,   0.3724  ,   0.4228  ,   0.6981  ,   0.6692  ,   0.1909  ,   0.2904  ,   0.9063  ,   0.1788;
     0.6569  ,   0.1981  ,   0.5479  ,   0.6665  ,   0.1904  ,   0.4283  ,   0.6171  ,   0.8797  ,   0.4229;
     0.6280  ,   0.4897  ,   0.9427  ,   0.1781  ,   0.3689  ,   0.4820  ,   0.2653  ,   0.8178  ,   0.0942;
     0.2920  ,   0.3395  ,   0.4177  ,   0.1280  ,   0.4607  ,   0.1206  ,   0.8244  ,   0.2607  ,   0.5985;
     0.4317  ,   0.9516  ,   0.9831  ,   0.9991  ,   0.9816  ,   0.5895  ,   0.9827  ,   0.5944  ,   0.4709;
     0.0155  ,   0.9203  ,   0.3015  ,   0.1711  ,   0.1564  ,   0.2262  ,   0.7302  ,   0.0225  ,   0.6959;
];

I(:,:,6) = [

     0.6999  ,   0.7184  ,   0.2665  ,   0.6377  ,   0.2240  ,   0.9160  ,   0.0358  ,   0.2428  ,   0.5466;
     0.6385  ,   0.9686  ,   0.1537  ,   0.9577  ,   0.6678  ,   0.0012  ,   0.1759  ,   0.9174  ,   0.4257;
     0.0336  ,   0.5313  ,   0.2810  ,   0.2407  ,   0.8444  ,   0.4624  ,   0.7218  ,   0.2691  ,   0.6444;
     0.0688  ,   0.3251  ,   0.4401  ,   0.6761  ,   0.3445  ,   0.4243  ,   0.4735  ,   0.7655  ,   0.6476;
     0.3196  ,   0.1056  ,   0.5271  ,   0.2891  ,   0.7805  ,   0.4609  ,   0.1527  ,   0.1887  ,   0.6790;
     0.5309  ,   0.6110  ,   0.4574  ,   0.6718  ,   0.6753  ,   0.7702  ,   0.3411  ,   0.2875  ,   0.6358;
     0.6544  ,   0.7788  ,   0.8754  ,   0.6951  ,   0.0067  ,   0.3225  ,   0.6074  ,   0.0911  ,   0.9452;
     0.4076  ,   0.4235  ,   0.5181  ,   0.0680  ,   0.6022  ,   0.7847  ,   0.1917  ,   0.5762  ,   0.2089;
     0.8200  ,   0.0908  ,   0.9436  ,   0.2548  ,   0.3868  ,   0.4714  ,   0.7384  ,   0.6834  ,   0.7093;
];

I(:,:,7) = [

     0.2362  ,   0.4162  ,   0.3181  ,   0.7210  ,   0.3658  ,   0.0938  ,   0.3477  ,   0.3592  ,   0.2703;
     0.1194  ,   0.8419  ,   0.1192  ,   0.5225  ,   0.7635  ,   0.5254  ,   0.1500  ,   0.7363  ,   0.1971;
     0.6073  ,   0.8329  ,   0.9398  ,   0.9937  ,   0.6279  ,   0.5303  ,   0.5861  ,   0.3947  ,   0.8217;
     0.4501  ,   0.2564  ,   0.6456  ,   0.2187  ,   0.7720  ,   0.8611  ,   0.2621  ,   0.6834  ,   0.4299;
     0.4587  ,   0.6135  ,   0.4795  ,   0.1058  ,   0.9329  ,   0.4849  ,   0.0445  ,   0.7040  ,   0.8878;
     0.6619  ,   0.5822  ,   0.6393  ,   0.1097  ,   0.9727  ,   0.3935  ,   0.7549  ,   0.4423  ,   0.3912;
     0.7703  ,   0.5407  ,   0.5447  ,   0.0636  ,   0.1920  ,   0.6714  ,   0.2428  ,   0.0196  ,   0.7691;
     0.3502  ,   0.8699  ,   0.6473  ,   0.4046  ,   0.1389  ,   0.7413  ,   0.4424  ,   0.3309  ,   0.3968;
     0.6620  ,   0.2648  ,   0.5439  ,   0.4484  ,   0.6963  ,   0.5201  ,   0.6878  ,   0.4243  ,   0.8085;

];
I(:,:,8) = [

     0.7551  ,   0.7689  ,   0.4070  ,   0.6787  ,   0.6967  ,   0.5277  ,   0.5860  ,   0.7690  ,   0.2094;
     0.3774  ,   0.1673  ,   0.7487  ,   0.4952  ,   0.5828  ,   0.4795  ,   0.2467  ,   0.5814  ,   0.5523;
     0.2160  ,   0.8620  ,   0.8256  ,   0.1897  ,   0.8154  ,   0.8013  ,   0.6664  ,   0.9283  ,   0.6299;
     0.7904  ,   0.9899  ,   0.7900  ,   0.4950  ,   0.8790  ,   0.2278  ,   0.0835  ,   0.5801  ,   0.0320;
     0.9493  ,   0.5144  ,   0.3185  ,   0.1476  ,   0.9889  ,   0.4981  ,   0.6260  ,   0.0170  ,   0.6147;
     0.3276  ,   0.8843  ,   0.5341  ,   0.0550  ,   0.0005  ,   0.9009  ,   0.6609  ,   0.1209  ,   0.3624;
     0.6713  ,   0.5880  ,   0.0900  ,   0.8507  ,   0.8654  ,   0.5747  ,   0.7298  ,   0.8627  ,   0.0495;
     0.4386  ,   0.1548  ,   0.1117  ,   0.5606  ,   0.6126  ,   0.8452  ,   0.8908  ,   0.4843  ,   0.4896;
     0.8335  ,   0.1999  ,   0.1363  ,   0.9296  ,   0.9900  ,   0.7386  ,   0.9823  ,   0.8449  ,   0.1925;
];

